328
354
195
235
267
293
215
247
322
347
192
284
307
333
230
260
294
359
187
214
246
281
316
343
206
230
330
275
305
359
187
226
255
288
325
355
207
298
340
185
217
252
277
317
362
363
196
224
254
277
332
200
301
185
238
280
310
332
356
221
257
297
362
195
244
320
342
197
262
287
222
248
307
330
357
232
271
301
199
350
188
215
247
266
286
313
347
319
184
206
233
256
274
339
362
212
237
276
303
332
357
179
258
317
197
229
280
346
370
250
319
343
368
222
256
292
200
284
314
234
275
302
353
191
218
256
338
370
185
223
290
317
244
272
298
336
357
205
246
187
215
269
301
334
360
242
280
337
190
303
370
210
250
312
339
192
212
279
352
233
313
336
191
231
261
295
315
273
297
332
361
198
221
248
204
279
314
179
232
254
303
351
188
212
254
340
230
278
307
208
253
297
325
187
210
357
253
280
307
333
197
269
294
357
225
243
322
194
291
309
366
220
276
340
186
248
290
336
211
239
264
311
353
229
283
304
331
182
206
211
244
268
296
321
352
205
231
264
337
296
353
214
257
279
309
182
235
346
368
210
244
269
314
216
271
289
341
312
337
181
204
248
305
221
280
315
342
200
254
361
222
251
291
333
184
247
277
304
362
214
263
313
336
206
290
180
231
254
285
321
348
201
233
309
352
267
295
185
208
234
334
356
249
303
208
280
