25
26
31
34
34
33
59
53
52
58
73
65
70
78
78
82
90
84
98
94
106
108
105
104
121
122
124
132
131
127
144
146
141
150
150
153
159
172
171
179
186
175
180
187
175
203
208
214
208
206
205
231
221
247
236
235
243
240
238
253
252
264
263
270
273
279
275
296
288
285
304
309
298
307
306
327
321
321
332
335
360
356
359
347
357
345
357
371
390
376
377
389
377
383
376
406
405
405
399
405
400
417
419
422
431
430
431
427
427
443
444
449
453
458
467
457
471
479
476
492
500
498
490
509
509
512
513
505
531
532
520
530
539
540
544
542
535
550
564
575
572
570
568
570
575
590
593
595
603
601
602
613
625
623
619
628
640
632
640
652
645
658
669
674
663
660
672
690
686
689
681
695
700
698
717
720
708
726
725
722
729
724
753
740
751
748
765
756
755
774
780
780
774
796
796
785
803
801
804
808
818
828
823
828
832
846
837
856
848
862
850
872
868
867
893
880
887
889
905
900
905
899
909
923
917
924
924
930
928
950
943
942
952
944
953
971
967
966
971
975
987
998
993
1004
996
1018
1009
1010
1013
1026
1031
1025
1027
1050
1051
1036
1042
1053
1065
1075
1077
1070
1077
1093
1083
1097
1088
1108
1100
1101
1127
1122
1115
1125
1135
1144
1139
1140
1140
1148
1160
1161
1158
1173
1164
1186
1177
1191
1186
1183
1186
1204
1203
1201
1208
1217
1221
1238
1229
1227
1225
1237
1245
1248
1260
1257
