267
292
354
396
231
267
330
298
322
365
252
273
320
342
386
234
258
300
360
326
273
296
349
255
318
255
283
342
309
329
356
381
260
288
311
344
272
301
328
351
382
403
380
314
357
406
321
343
365
386
313
340
259
295
364
391
326
354
281
216
252
320
349
205
232
274
304
219
242
266
296
329
224
251
236
268
309
346
235
273
323
211
252
277
308
235
293
184
221
260
266
293
329
232
202
251
296
352
218
272
316
182
241
204
269
143
170
201
225
235
260
92
116
142
179
202
248
163
201
224
266
238
200
312
219
243
272
200
301
329
176
230
275
213
246
297
148
280
330
262
282
303
336
258
291
320
365
237
280
309
344
209
232
262
218
294
254
320
233
279
258
317
358
237
279
308
333
402
349
375
390
337
418
359
387
300
325
359
340
383
286
311
356
278
321
373
395
227
256
300
337
208
268
355
190
246
278
314
209
324
246
271
298
220
285
307
240
262
226
282
306
342
257
321
360
209
239
272
293
333
358
377
306
384
248
361
