19
21
29
18
32
42
31
49
52
61
64
71
77
67
74
89
88
89
88
106
114
124
113
129
132
152
150
144
157
167
164
165
180
186
197
203
217
222
234
228
225
233
248
251
258
258
277
285
293
283
313
312
327
327
315
315
335
339
359
367
371
364
361
391
389
386
392
409
415
412
423
414
432
436
453
450
454
461
478
474
475
499
492
498
495
512
516
519
533
520
542
545
547
555
571
573
571
574
592
586
583
610
602
615
621
641
642
637
628
649
651
670
665
668
664
660
670
682
689
676
686
699
714
716
725
736
726
740
740
745
768
757
763
773
780
769
785
785
796
803
814
803
818
837
838
838
843
848
862
858
863
868
870
876
888
889
901
907
920
914
931
929
939
948
943
957
953
955
969
967
988
999
995
1006
1014
1025
1024
1030
1042
1037
1055
1052
1059
1076
1072
1080
1074
1092
1084
1086
1089
1104
1104
1111
1119
1116
1129
1115
1131
1143
1153
1155
1154
1173
1175
1175
1186
1178
1204
1199
1198
1199
1211
1216
1213
1237
1227
1236
1227
1235
1238
1227
1249
1252
1264
1264
